Day Length Clinton WA 2023
https://gml.noaa.gov/grad/solcalc/
 Day  Length (Hours)
   8.4667
   8.4833
   8.5000
   8.5167
   8.5333
   8.5667
   8.6000
   8.6167
   8.6500
   8.6667
   8.7000
   8.7333
   8.7667
   8.8000
   8.8333
   8.8500
   8.9000
   8.9333
   8.9833
   9.0167
   9.0667
   9.1000
   9.1500
   9.1833
   9.2333
   9.2667
   9.3167
   9.3500
   9.4000
   9.4333
   9.5000
    9.550
    9.583
    9.650
    9.683
    9.733
    9.800
    9.833
    9.900
    9.933
   10.000
   10.067
   10.100
   10.167
   10.200
   10.267
   10.333
   10.383
   10.433
   10.483
   10.550
   10.600
   10.650
   10.717
   10.767
   10.833
   10.883
   10.950
   11.000
   11.067
   11.100
   11.167
   11.217
   11.283
   11.333
   11.400
   11.450
   11.517
   11.567
   11.633
   11.683
   11.750
   11.800
   11.867
   11.917
   11.983
   12.033
   12.100
   12.167
   12.233
   12.283
   12.350
   12.400
   12.450
   12.517
   12.567
   12.633
   12.683
   12.750
   12.800
   12.867
   12.917
   12.967
   13.033
   13.083
   13.150
   13.200
   13.267
   13.317
   13.367
   13.433
   13.483
   13.550
   13.600
   13.667
   13.717
   13.783
   13.817
   13.867
   13.933
   13.983
   14.050
   14.100
   14.150
   14.200
   14.250
   14.317
   14.350
   14.417
   14.467
   14.500
   14.567
   14.617
   14.667
   14.717
   14.750
   14.817
   14.850
   14.917
   14.950
   15.000
   15.050
   15.083
   15.133
   15.167
   15.217
   15.250
   15.300
   15.333
   15.383
   15.417
   15.450
   15.483
   15.517
   15.567
   15.600
   15.633
   15.667
   15.683
   15.717
   15.750
   15.783
   15.800
   15.833
   15.833
   15.867
   15.883
   15.917
   15.933
   15.933
   15.967
   15.967
   15.983
   16.000
   16.000
   16.017
   16.017
   16.017
   16.033
   16.033
   16.033
   16.033
   16.050
   16.033
   16.033
   16.033
   16.017
   16.017
   16.000
   16.000
   15.967
   15.967
   15.950
   15.950
   15.917
   15.900
   15.867
   15.867
   15.833
   15.817
   15.783
   15.767
   15.733
   15.700
   15.667
   15.650
   15.617
   15.583
   15.550
   15.517
   15.483
   15.450
   15.417
   15.367
   15.317
   15.283
   15.250
   15.217
   15.150
   15.117
   15.083
   15.033
   14.983
   14.950
   14.900
   14.850
   14.800
   14.767
   14.700
   14.650
   14.617
   14.550
   14.500
   14.467
   14.400
   14.350
   14.317
   14.250
   14.200
   14.150
   14.083
   14.050
   14.000
   13.933
   13.883
   13.817
   13.767
   13.717
   13.650
   13.600
   13.550
   13.483
   13.433
   13.400
   13.333
   13.283
   13.200
   13.150
   13.100
   13.033
   12.983
   12.933
   12.867
   12.817
   12.767
   12.700
   12.650
   12.600
   12.533
   12.483
   12.417
   12.367
   12.317
   12.233
   12.183
   12.133
   12.067
   12.017
   11.950
   11.900
   11.850
   11.783
   11.733
   11.667
   11.617
   11.567
   11.500
   11.450
   11.383
   11.333
   11.283
   11.217
   11.167
   11.100
   11.050
   10.983
   10.933
   10.867
   10.817
   10.750
   10.700
   10.667
   10.600
   10.550
   10.483
   10.433
   10.383
   10.333
   10.267
   10.200
   10.167
   10.100
   10.050
   10.000
   9.9500
   9.9000
   9.8500
   9.8000
   9.7500
   9.7000
   9.6500
   9.6000
   9.5500
   9.5000
   9.4500
   9.4167
   9.3500
   9.3167
   9.2667
   9.2333
   9.1833
   9.1500
   9.1000
   9.0667
   9.0333
   8.9833
   8.9500
   8.9000
   8.8667
   8.8500
   8.8000
   8.7667
   8.7500
   8.7000
   8.6833
   8.6500
   8.6333
   8.6000
   8.5667
   8.5500
   8.5333
   8.5167
   8.4833
   8.4667
   8.4500
   8.4333
   8.4333
   8.4167
   8.4167
   8.4000
   8.3833
   8.4000
   8.3833
   8.3667
   8.3833
   8.3667
   8.3833
   8.3833
   8.3833
   8.4000
   8.4000
   8.4000
   8.4167
   8.4333
   8.4500
   8.4500
