https://www.weather.gov/wrh/climate
Monthly Mean Max Temperature for SEATTLE TACOMA AIRPORT, WA
Click column heading to sort ascending, click again to sort descending.
1945	47.6	47.7	49.8	54.3	65.7	68.4	77.2	75.2	65.5	60.4	49.1	45.5	58.9
1946	45.5	47.7	50.8	56.6	68.5	67.4	75.3	74.7	68.6	55.9	47.9	44.3	58.6
1947	40.9	51.5	57.2	61.2	69.2	70.0	74.8	74.7	69.5	58.6	48.7	47.6	60.3
1948	43.5	45.2	51.1	53.6	61.4	71.7	73.1	69.4	67.1	58.8	47.7	41.2	57.0
1949	37.3	44.1	53.2	59.4	68.4	70.8	74.1	74.5	71.0	56.6	56.2	43.5	59.1
1950	30.7	46.1	47.9	55.2	61.6	69.8	75.1	75.4	68.3	55.7	48.8	49.1	57.0
1951	42.2	46.8	46.4	61.1	64.6	73.2	76.4	73.3	69.5	57.8	50.8	41.6	58.6
1952	41.5	46.6	48.8	58.8	63.9	65.7	75.5	74.0	70.6	63.5	48.4	47.0	58.7
1953	49.0	46.0	50.1	54.9	61.7	63.3	72.2	72.8	69.7	60.8	52.9	46.9	58.4
1954	40.7	48.7	49.9	53.5	63.6	64.8	69.5	68.5	66.2	59.0	54.4	45.7	57.0
1955	43.6	44.3	46.1	52.8	58.9	66.7	68.6	71.3	66.0	56.6	44.4	43.6	55.2
1956	44.3	40.7	47.5	59.8	67.2	64.6	75.5	73.5	66.5	55.6	48.3	45.1	57.4
1957	37.9	45.6	50.3	57.8	66.6	68.7	70.9	71.0	73.5	57.8	49.9	48.6	58.2
1958	48.7	53.3	51.6	58.0	70.6	73.0	81.4	78.3	68.1	61.9	48.7	49.6	61.9
1959	45.1	46.0	50.3	56.9	62.5	67.6	76.9	71.7	64.4	58.2	50.0	45.1	57.9
1960	43.0	46.8	50.3	57.3	60.5	69.4	79.6	70.8	66.5	59.3	50.6	44.9	58.3
1961	49.7	49.2	52.3	53.9	62.4	74.1	78.5	80.3	68.3	58.5	48.5	43.7	60.0
1962	43.9	49.4	50.8	58.4	57.5	70.0	74.4	71.2	69.1	59.1	51.5	47.0	58.5
1963	38.7	55.0	50.9	55.3	67.9	67.8	70.9	74.1	73.3	61.3	49.8	45.6	59.2
1964	44.7	48.2	50.7	54.6	62.9	65.6	72.3	71.2	66.4	61.5	46.8	41.3	57.2
1965	44.6	48.3	56.5	57.5	60.6	71.4	79.5	74.6	66.5	63.8	54.5	45.2	60.3
1966	45.9	49.8	52.3	57.9	64.0	67.2	70.7	75.0	69.4	58.2	50.6	47.4	59.0
1967	46.4	48.7	48.3	53.7	63.9	72.0	76.7	83.7	76.4	60.9	52.5	45.5	60.7
1968	45.7	56.4	55.5	56.6	66.0	69.2	78.2	72.0	65.8	57.4	51.9	41.2	59.7
1969	36.8	48.3	54.6	56.3	67.9	73.4	75.3	73.2	69.0	59.8	51.3	49.7	59.6
1970	45.5	53.4	53.0	52.6	63.4	72.7	75.1	73.9	66.2	57.6	51.9	42.7	59.0
1971	43.6	47.1	46.9	56.8	62.8	62.7	75.6	77.8	65.5	56.8	50.0	41.8	57.3
1972	41.7	47.2	52.9	54.3	67.6	68.0	75.9	77.5	63.1	56.8	51.8	41.6	58.2
1973	43.5	50.6	50.3	57.3	65.7	66.9	75.4	70.7	70.3	57.9	48.4	48.5	58.8
1974	43.5	48.0	52.9	56.6	62.5	72.5	73.7	75.2	76.0	61.8	50.1	47.2	60.0
1975	43.1	47.0	49.8	53.6	64.1	69.6	78.0	71.5	73.3	57.0	50.5	46.5	58.7
1976	46.3	46.8	48.2	58.0	65.5	69.4	75.9	71.1	70.8	62.3	54.1	49.8	59.9
1977	44.7	55.9	51.5	63.2	61.9	72.6	75.2	79.7	66.8	59.0	49.1	46.7	60.5
1978	48.7	51.7	56.0	57.3	63.1	74.7	76.2	74.4	65.3	62.1	47.1	42.7	59.9
1979	43.4	47.8	57.5	58.7	66.8	73.3	78.7	72.9	70.9	60.7	49.8	48.9	60.8
1980	39.9	49.5	50.0	60.4	61.9	64.7	73.3	70.9	67.4	62.3	51.9	48.2	58.4
1981	50.5	50.5	56.0	57.1	62.5	65.0	72.3	79.1	70.5	57.0	52.9	46.0	60.0
1982	43.2	47.5	51.2	55.9	63.7	73.2	71.7	74.5	68.8	59.6	49.1	45.6	58.7
1983	50.0	52.6	55.8	59.5	66.3	67.5	71.3	74.0	66.1	58.1	52.5	40.7	59.5
1984	47.8	50.7	55.2	56.4	60.5	67.0	75.3	74.8	68.3	56.4	49.4	41.5	58.6
1985	42.9	44.6	50.6	56.8	63.8	69.2	80.9	75.8	65.9	57.7	40.6	41.4	57.5
1986	50.8	49.2	56.7	55.1	63.7	72.6	70.3	80.0	67.1	61.9	49.6	47.3	60.4
1987	45.7	52.6	56.5	61.1	66.3	73.8	74.3	77.5	73.3	65.4	54.1	44.5	62.1
1988	45.4	50.7	53.4	58.2	63.6	68.9	76.6	76.3	70.9	61.6	50.3	46.7	60.2
1989	45.3	43.2	50.3	63.0	65.0	73.2	73.9	75.0	75.1	60.2	51.8	47.3	60.3
1990	47.3	45.9	55.2	59.9	63.0	68.4	79.2	78.0	72.9	58.1	51.7	40.1	60.0
1991	45.0	54.7	51.0	57.1	61.8	67.1	77.7	77.1	73.4	61.7	52.1	48.4	60.6
1992	49.5	54.5	59.1	61.9	71.2	75.8	76.3	77.8	69.3	60.8	50.4	43.2	62.5
1993	43.5	50.5	55.8	57.0	68.7	68.6	68.7	74.9	73.5	62.8	48.8	47.1	60.0
1994	49.4	46.1	56.9	60.1	67.3	69.2	79.0	76.9	73.8	59.5	47.3	46.5	61.0
1995	52.0	51.3	55.7	59.8	70.0	72.2	76.7	71.7	73.4	59.4	54.5	47.5	62.0
1996	44.2	50.6	54.6	58.7	60.5	70.0	78.5	77.0	67.3	57.5	48.1	44.2	59.3
1997	45.7	48.4	51.1	56.9	67.0	67.0	73.7	78.1	70.8	56.7	55.3	47.4	59.8
1998	46.9	51.2	53.2	58.5	61.3	68.0	77.4	77.3	73.1	59.4	50.9	44.2	60.1
1999	46.0	47.5	50.6	57.3	59.6	65.7	71.7	73.4	70.9	59.4	53.2	46.1	58.5
2000	45.2	49.9	50.9	58.8	60.6	69.3	73.5	72.9	68.6	59.6	48.5	46.0	58.7
2001	47.6	47.7	52.1	55.0	64.9	65.3	71.7	73.8	67.7	56.8	51.5	46.7	58.4
2002	44.7	48.2	47.5	55.7	60.8	70.2	74.2	75.7	70.1	57.9	53.4	47.8	58.9
2003	51.1	47.5	52.4	55.3	62.9	72.4	79.0	76.7	71.7	60.2	48.5	46.6	60.4
2004	44.8	50.9	54.6	62.9	64.8	72.9	78.3	76.0	65.3	59.3	50.2	46.9	60.6
2005	47.4	51.0	56.2	57.9	65.8	67.4	75.3	77.3	68.1	59.7	47.5	47.4	60.1
2006	50.8	49.6	52.7	58.7	66.1	72.2	78.1	77.1	72.4	59.1	49.1	45.8	61.0
2007	43.6	48.7	53.5	58.7	66.4	69.3	77.3	74.8	67.4	57.1	49.4	43.6	59.2
2008	43.6	49.6	49.9	55.1	63.9	66.8	74.9	74.6	69.8	58.2	54.5	40.8	58.5
2009	43.7	48.5	48.0	57.7	65.9	73.1	81.0	74.7	71.6	58.5	52.0	43.7	59.9
2010	51.5	53.1	54.5	56.5	60.8	65.6	74.9	75.2	67.3	59.8	48.3	47.9	59.6
2011	46.2	45.0	51.4	52.2	59.7	67.6	73.6	75.8	73.5	58.0	49.3	44.3	58.0
2012	44.7	48.7	49.2	58.8	63.8	65.7	73.2	78.5	73.2	60.5	52.4	45.0	59.5
2013	43.0	49.0	54.9	57.6	67.3	73.8	79.0	79.0	70.4	57.6	53.7	44.6	60.8
2014	49.3	46.8	55.2	59.8	67.8	70.9	80.4	79.5	73.7	64.3	51.9	50.3	62.5
2015	50.3	54.5	57.9	59.9	68.0	78.9	82.6	79.0	68.5	63.6	49.4	47.1	63.3
2016	49.1	53.6	56.4	65.9	68.8	73.1	76.0	79.5	69.6	60.5	56.0	41.9	62.5
2017	43.7	46.6	51.5	57.3	67.0	72.1	78.3	81.5	73.8	61.1	51.3	45.5	60.8
2018	49.7	45.8	54.0	58.6	70.8	71.9	82.8	79.1	70.5	60.5	53.9	48.9	62.2
2019	51.1	41.8	57.2	59.3	69.7	73.4	76.5	78.3	69.4	58.0	52.6	48.2	61.3
2020	49.3	49.5	51.3	61.0	68.0	70.3	76.8	78.4	74.3	60.2	51.4	49.8	61.7
2021	48.8	46.6	53.2	62.8	65.7	76.6	79.1	77.8	70.3	57.9	53.1	41.9	61.2
2022	46.2	47.9	53.1	54.7	60.0	M	M	M	M	M	M	M	52.4
Mean	45.4	48.8	52.4	57.6	64.6	69.8	75.7	75.4	69.6	59.4	50.6	45.5	59.5
Max	52.0
1995	56.4
1968	59.1
1992	65.9
2016	71.2
1992	78.9
2015	82.8
2018	83.7
1967	76.4
1967	65.4
1987	56.2
1949	50.3
2014	63.3
Min	30.7
1950	40.7
1956	46.1
1955	52.2
2011	57.5
1962	62.7
1971	68.6
1955	68.5
1954	63.1
1972	55.6
1956	40.6
1985	40.1
1990	52.4
